# drifty metrics rate grids — read by dt_metrics (see METRICS.md).
# One grid per line:  <variation> <metric> <axis>  <rate> <rate> ...
#   variation: pegged | matched | overmatched
#   metric:    edit | lock      axis: flip | insert | delete | erase
# Rates are per coded bit (per the swept axis); '#' begins a comment.
# Edit these to retune a sweep — no recompile needed.

pegged edit flip 0 0.0033 0.0067 0.01 0.0133 0.0167 0.02 0.025 0.03 0.035 0.04 0.045 0.05 0.0567 0.0633 0.07 0.0767 0.0833 0.09 0.1 0.11 0.12 0.1333 0.1467 0.16 0.1733 0.1867 0.2 0.2167 0.2333 0.25
pegged edit insert 0 0.0017 0.0033 0.005 0.0067 0.0083 0.01 0.0133 0.0167 0.02 0.025 0.03 0.035 0.04 0.045 0.05 0.0567 0.0633 0.07 0.08 0.09 0.1 0.1133 0.1267 0.14 0.16 0.18 0.2 0.2167 0.2333 0.25
pegged edit delete 0 0.0033 0.0067 0.01 0.0133 0.0167 0.02 0.0233 0.0267 0.03 0.0367 0.0433 0.05 0.0567 0.0633 0.07 0.0767 0.0833 0.09 0.1 0.11 0.12 0.1333 0.1467 0.16 0.1733 0.1867 0.2 0.2167 0.2333 0.25
pegged edit erase 0 0.0667 0.1333 0.2 0.25 0.3 0.35 0.3833 0.4167 0.45 0.4833 0.5167 0.55 0.5733 0.5967 0.62 0.6467 0.6733 0.7 0.7267 0.7533 0.78 0.8033 0.8267 0.85 0.8733 0.8967 0.92
pegged lock flip 0 0.0033 0.0067 0.01 0.0133 0.0167 0.02 0.025 0.03 0.035 0.04 0.045 0.05 0.0567 0.0633 0.07 0.0767 0.0833 0.09 0.1 0.11 0.12 0.1333 0.1467 0.16 0.1733 0.1867 0.2 0.2167 0.2333 0.25 0.2833 0.3167 0.35 0.4167 0.4833 0.55 0.6333 0.7167 0.8 0.8667 0.9333 1
pegged lock insert 0 0.0033 0.0067 0.01 0.0133 0.0167 0.02 0.025 0.03 0.035 0.04 0.045 0.05 0.0567 0.0633 0.07 0.0767 0.0833 0.09 0.1 0.11 0.12 0.1333 0.1467 0.16 0.1733 0.1867 0.2 0.22 0.24 0.26 0.29 0.32 0.35 0.4167 0.4833 0.55 0.6333 0.7167 0.8 0.8667 0.9333 1
pegged lock delete 0 0.0033 0.0067 0.01 0.0133 0.0167 0.02 0.025 0.03 0.035 0.04 0.045 0.05 0.0567 0.0633 0.07 0.0767 0.0833 0.09 0.1 0.11 0.12 0.1333 0.1467 0.16 0.1733 0.1867 0.2 0.2333 0.2667 0.3 0.3667 0.4333 0.5 0.6 0.7 0.8 0.8333 0.8667 0.9 0.9167 0.9333 0.95 0.9667 0.9833 1
pegged lock erase 0 0.0067 0.0133 0.02 0.0267 0.0333 0.04 0.05 0.06 0.07 0.08 0.09 0.1 0.11 0.12 0.13 0.14 0.15 0.16 0.17 0.18 0.19 0.2 0.21 0.22 0.2333 0.2467 0.26 0.2733 0.2867 0.3 0.32 0.34 0.36 0.4067 0.4533 0.5 0.6667 0.8333 1
matched edit flip 0 0.0133 0.0267 0.04 0.0467 0.0533 0.06 0.0667 0.0733 0.08 0.0867 0.0933 0.1 0.11 0.12 0.13 0.14 0.15 0.16 0.1733 0.1867 0.2 0.2167 0.2333 0.25 0.2733 0.2967 0.32
matched edit insert 0 0.0133 0.0267 0.04 0.0467 0.0533 0.06 0.0667 0.0733 0.08 0.09 0.1 0.11 0.12 0.13 0.14 0.1533 0.1667 0.18 0.1933 0.2067 0.22 0.2367 0.2533 0.27 0.2867 0.3033 0.32
matched edit delete 0 0.0067 0.0133 0.02 0.0267 0.0333 0.04 0.0467 0.0533 0.06 0.0667 0.0733 0.08 0.09 0.1 0.11 0.12 0.13 0.14 0.1533 0.1667 0.18 0.1967 0.2133 0.23 0.26 0.29 0.32
matched edit erase 0 0.1 0.2 0.3 0.34 0.38 0.42 0.4467 0.4733 0.5 0.5267 0.5533 0.58 0.6033 0.6267 0.65 0.6733 0.6967 0.72 0.7433 0.7667 0.79 0.8133 0.8367 0.86 0.88 0.9 0.92
matched lock flip 0 0.0133 0.0267 0.04 0.05 0.06 0.07 0.08 0.09 0.1 0.1133 0.1267 0.14 0.16 0.18 0.2 0.25 0.3 0.35 0.5667 0.7833 1
matched lock insert 0 0.0133 0.0267 0.04 0.0533 0.0667 0.08 0.0967 0.1133 0.13 0.15 0.17 0.19 0.2133 0.2367 0.26 0.2867 0.3133 0.34 0.3767 0.4133 0.45 0.5167 0.5833 0.65 0.7667 0.8833 1
matched lock delete 0 0.0133 0.0267 0.04 0.0533 0.0667 0.08 0.0967 0.1133 0.13 0.15 0.17 0.19 0.2267 0.2633 0.3 0.3667 0.4333 0.5 0.6 0.7 0.8 0.8333 0.8667 0.9 0.9167 0.9333 0.95 0.9667 0.9833 1
matched lock erase 0 0.02 0.04 0.06 0.09 0.12 0.15 0.1933 0.2367 0.28 0.3367 0.3933 0.45 0.5167 0.5833 0.65 0.7167 0.7833 0.85 0.9 0.95 1
overmatched edit flip 0 0.1 0.2 0.3 0.4 0.45 0.47 0.48 0.49 0.5 0.51 0.52 0.53 0.55 0.58 0.62 0.67 0.72 0.78 0.85 0.92 0.97
overmatched edit insert 0 0.1 0.2 0.3 0.4 0.5 0.6 0.7 0.8 0.9 0.97
overmatched edit delete 0 0.1 0.2 0.3 0.4 0.45 0.47 0.48 0.49 0.5 0.51 0.52 0.53 0.55 0.58 0.62 0.67 0.72 0.78 0.85 0.92 0.97
overmatched edit erase 0 0.1 0.2 0.3 0.4 0.5 0.6 0.7 0.8 0.9 0.97
overmatched lock flip 0 0.1 0.2 0.3 0.4 0.47 0.49 0.5 0.51 0.53 0.6 0.7 0.78 0.82 0.85 0.88 0.9 0.92 0.94 0.95 0.96 0.97
overmatched lock insert 0 0.1 0.2 0.3 0.4 0.5 0.6 0.7 0.8 0.9 0.97
overmatched lock delete 0 0.1 0.2 0.3 0.4 0.5 0.6 0.7 0.8 0.9 0.97
overmatched lock erase 0 0.1 0.2 0.3 0.4 0.45 0.5 0.5333 0.5667 0.6 0.6333 0.6667 0.7 0.7333 0.7667 0.8 0.85 0.9 0.97
